[유저 정보]
아이디=abcde
[플레이어]
PosX=540.000000
PosY=280.000000
MoveY=173.796310
IsOnGround=0
[맵]
PosX=865.299255
PosY=625.783752
